1 : 2, 25
2 : 1, 3, 5
3 : 2, 19
4 : 5, 8, 10
5 : 2, 4, 6, 12
6 : 5, 7, 13
7 : 6, 18
8 : 4, 9, 14
9 : 8, 10, 15
10 : 4, 9, 11
11 : 10, 12, 16
12 : 5, 11, 13
13 : 6, 12, 17
14 : 8, 15, 20
15 : 9, 14, 21
16 : 11, 22
17 : 13, 18, 23
18 : 7, 17, 19, 23
19 : 3, 18, 24
20 : 14, 21, 26
21 : 15, 20, 27
22 : 16, 23, 29
23 : 17, 18, 22, 24
24 : 19, 23, 30
25 : 1, 26, 34
26 : 20, 25, 27, 31
27 : 21, 26, 28, 32
28 : 16, 27, 29, 33
29 : 22, 28, 30
30 : 24, 29, 37
31 : 26, 32, 35
32 : 27, 31, 33
33 : 28, 32, 36
34 : 25, 35
35 : 31, 34, 36
36 : 33, 35, 37
37 : 30, 36

